SCUMBLE > 0.19431400000000001
+--yes: [590,0,1.420789,1.220143E-3,1.071313,8.45972,3.021457E-2,3.884043E-2,1752.571429,7.320021E-1,2202.857143,3.706777E-1,331.142857,663923221.142857,392.795918,1409.612245,36.857143,8.627586E-1,1.420789,74.06626,267.435244,32.790957,1.549870E-1,9.872057E-2,80.78252,-5.392657E-2,4.920278,1061.844468,1.679379E-1,5.024714E-3,1744.571429,1687.714286,1730.571429,1752,6964,7.320021E-1,3.021457E-2,5.714286E-1,4.747899E-1,6.327206E-1,4.284364,9.927744E-1,9.453101E-1,9.802451E-1,9.992733E-1,5.733729E-2,3.256669E-1,6.243751E-1,1.97594]
|      ExampleIDs: index: enron,delicious,corel5k,cal500,stackex_cs,stackex_chess,stackex_philosophy

+--no:  Standard deviation of examples per labelset > 49.132195
       +--yes: [534.2,3.626000E-4,78.993769,8.693600E-3,5.174080E-1,1.436114,1.345134E-1,1.370312E-1,248.8,2.669530E-1,6498.4,24.901728,18.6,73141203,16.04485,49.903262,656.133333,7.342902E-1,78.993769,6.524706,22.622838,335.947761,4.626170E-1,9.055180E-2,42.264551,7.460400E-2,3.613921,2662.622629,1.123790E-1,2.901036E-1,199,147.2,182.4,226,119.2,2.791480E-2,1.345134E-1,6.000000E-1,4.843164E-1,1.093720E-2,16.59621,5.695852E-1,3.596750E-1,4.647942E-1,7.008610E-1,7.007550E-1,5.076720E-2,2.671779,115.491473]
       |      ExampleIDs: index: scene,ng20,Arabic200,tmc2007_500,Yelp

       +--no:  Mean of entropies of nominal attributes > 0.183851
              +--yes: [85,1.527168E-1,3.683489,2.546500E-2,1.131548,2.661892,3.189982E-1,3.484908E-1,45.5,3.028807E-1,156.75,-4.824765E-1,11,378081,16.808333,84.683333,57,8.590765E-1,3.683489,3.453113,15.218734,38.985219,5.545560E-1,7.457090E-1,21.027562,47.132037,2.293919,57.004779,77.319641,2.057672E-1,44,33.75,41,45.25,8.25,2.897635E-1,3.189982E-1,7.662903E-1,4.466535E-1,1.401050E-1,3.643423,9.503300E-1,6.905263E-1,8.479473E-1,9.966215E-1,1.503947E-1,4.400750E-2,4.261760E-1,7.741739]
              |      ExampleIDs: index: birds,foodtruck,ABPM,flags

              +--no:  Distinct labelsets > 54.0
                     +--yes: [873.625,7.000000E-6,6.436598,4.181250E-3,1.253815,2.306529,9.226500E-2,1.078775E-1,416.5,2.850802E-1,1950.5,2.956921,56.875,156782052.25,88.774214,629.276681,169.5,7.230147E-1,6.436598,18.234448,112.709618,114.034319,3.315567E-1,2.974825E-2,36.057257,4.095810E-1,2.958613,854.120376,1.936019E-1,1.134649E-1,389.75,325.875,368.875,410.125,185.25,2.850802E-1,9.226500E-2,7.500000E-1,4.914876E-1,2.074204E-1,5.777663,9.005949E-1,7.114382E-1,8.377599E-1,9.758282E-1,1.985376E-1,5.868150E-2,1.291079,17.47917]
                     |      ExampleIDs: index: medical,yeast,ohsumed,bibtex,slashdot,langlog,reutersk500,Water_quality

                     +--no:  Max IR intra class > 20.375
                            +--yes: [1769.923077,3.020154E-3,15.181468,2.305538E-3,8.324281E-1,1.24655,2.770361E-1,1.413906E-1,25.153846,1.101815E-1,406.461538,4.746781,11.153846,15393611.230769,25.30025,106.405678,109.692308,9.083078E-1,15.181468,7.338446,27.564089,48.389744,4.592547E-1,8.493077E-4,7.238435,3.311129,1.135573,160.994035,2.749024,1.134282E-1,18.384615,10.461538,15.461538,23,11.153846,8.538269E-2,2.770361E-1,9.230769E-1,5.197302E-1,2.115100E-2,7.304149E-1,7.082328E-1,3.762458E-1,5.919040E-1,9.287520E-1,1.839492E-1,1.161138E-2,2.367791,25.164988]
                            |      ExampleIDs: index: proteins_plant,HumanPseAAC,HumanGO,Virus_PseAAC,genbase,PlantGO,GnegativeGO,proteins_human,PlantPseAAC,CHD_49,proteins_virus,VirusGO,GnegativePseACC

                            +--no:  [474.666667,0,22.75,2.063000E-2,8.447510E-1,1.284341,2.849253E-1,2.702620E-1,12,3.750000E-1,204,54.993938,4.666667,347136,5.910448,14.593284,53,9.644840E-1,22.75,2.429233,5.322697,18.232256,7.831433E-1,0,4.648915,1.003682,1.134787,45.724768,4.128167E-1,4.511593E-1,7,3.333333,5,10.666667,6,5.302167E-2,2.849253E-1,1,5.135767E-1,1.026633E-2,1.442045,5.416667E-1,3.055553E-1,3.749997E-1,7.777780E-1,6.000000E-1,5.027333E-3,7.508226,21.342218]
                                   ExampleIDs: index: emotions,GpositivePseAAC,GpositiveGO